51
220
1 1
2 26
2 43
2 11
2 10
3 25
3 43
3 26
3 19
3 44
3 37
4 5
4 34
4 45
4 6
4 33
5 38
5 34
5 4
6 51
6 30
6 17
6 37 
6 33
6 4
6 45
7 35
7 20
7 40
8 21
8 46
9 8
9 39
9 32
10 2
10 11
11 10
11 2
11 43
11 28
11 41
12 12
13 24
13 49
13 15
13 25
13 30
13 42
14 27
14 51
14 45
14 34
14 38
14 48
15 16
15 18
15 25
15 13
15 49
16 23
16 36
16 18
16 15
17 30
17 25
17 37
17 6
18 16
18 36
18 50
18 46
18 43
18 25
18 15
19 44
19 4
19 26
20 40
20 7
20 35
20 31
20 47
21 46
21 50
21 39
21 8
21 9
22 31
23 49
23 16
23 36
24 49
24 13
24 42 
24 29
25 13
25 15
25 18
25 43
25 3
25 37
25 17
25 30
26 19
26 3
26 43
26 2
27 29
27 42
27 51
27 16
28 46
28 43
28 11
28 41
29 24
29 42
29 27
30 42
30 13
30 25
30 17
30 6
30 51
31 47
31 22
31 20
32 9
32 39
32 35
33 4
33 45
33 6
33 37
33 44
34 16
34 45
34 4
34 5
34 38
35 32
35 39
35 47
35 20
35 7
36 39
36 50
36 18
36 16
36 23
37 17
37 25
37 4
37 44
37 33
37 6
38 5
38 34
38 16
38 48
39 35
39 32
39 9
39 21
39 50
39 36
40 7
40 20
41 11
41 28
42 29
42 24
42 13
42 30
42 51
42 27
43 18
43 47
43 28
43 11
43 2
43 26
43 3
43 25
44 33
44 37
44 3
44 19
45 14
45 51
45 6
45 33
45 4
45 34
46 28
46 43
46 18
46 50
46 21
46 8
47 35
47 31
47 20
48 16
48 38
49 23
49 24
49 13
49 15
50 36
50 39
50 21
50 46
50 18
51 27
51 42
51 30
51 6
51 45
51 14